1 16366.306996
2 16366.306996
3 16366.306996
4 16366.306996
5 16366.306996
6 16366.306996
7 16366.306996
8 16366.306996
9 16366.306996
10 16366.306996
11 16366.306996
12 16366.306996
13 16366.306996
14 16366.306996
15 16366.306996
16 16366.306996
17 16366.306996
18 16366.306996
19 16366.306996
20 16366.306996
21 16366.306996
22 16366.306996
23 16366.306996
24 16366.306996
25 16366.306996
26 16366.306996
27 16366.306996
28 16366.306996
29 16366.306996
30 16366.306996
31 16366.306996
32 16366.306996
33 16366.306996
34 16366.306996
35 16366.306996
36 15171.808536
37 15171.808536
38 15171.808536
39 15171.808536
40 15171.808536
41 15171.808536
42 15171.808536
43 15171.808536
44 15171.808536
45 15171.808536
46 15171.808536
47 15171.808536
48 15171.808536
49 15171.808536
50 15171.808536
51 15171.808536
52 15171.808536
53 15171.808536
54 15171.808536
55 15171.808536
56 15171.808536
57 15171.808536
58 15171.808536
59 15171.808536
60 15171.808536
61 15171.808536
62 15171.808536
63 15171.808536
64 15171.808536
65 15171.808536
66 15171.808536
67 15171.808536
68 15171.808536
69 15171.808536
70 15171.808536
71 15171.808536
72 15171.808536
73 15171.808536
74 15171.808536
75 15171.808536
76 15171.808536
77 15171.808536
78 15171.808536
79 15171.808536
80 15171.808536
81 15171.808536
82 15171.808536
83 15171.808536
84 15171.808536
85 15171.808536
86 15171.808536
87 15171.808536
88 15171.808536
89 15171.808536
90 15171.808536
91 15171.808536
92 15171.808536
93 15171.808536
94 15171.808536
95 15171.808536
96 15171.808536
97 15171.808536
98 15171.808536
99 15171.808536
100 15171.808536
101 15171.808536
102 15171.808536
103 15171.808536
104 15171.808536
105 15171.808536
106 15171.808536
107 15171.808536
108 15171.808536
109 15171.808536
110 15171.808536
111 15171.808536
112 15171.808536
113 15171.808536
114 15171.808536
115 15171.808536
116 15171.808536
117 15171.808536
118 8493.632479
119 8493.632479
120 8493.632479
121 8493.632479
122 8493.632479
123 8493.632479
124 8493.632479
125 8493.632479
126 8493.632479
127 8493.632479
128 8493.632479
129 8493.632479
130 8493.632479
131 8493.632479
132 8493.632479
133 8493.632479
134 8493.632479
135 8493.632479
136 8493.632479
137 8493.632479
138 8493.632479
139 8493.632479
140 8493.632479
141 8493.632479
142 8493.632479
143 8493.632479
144 8493.632479
145 8493.632479
146 8493.632479
147 8493.632479
148 8493.632479
149 8493.632479
150 8493.632479
151 8493.632479
152 8493.632479
153 8493.632479
154 8493.632479
155 8493.632479
156 8493.632479
157 8493.632479
158 8493.632479
159 8493.632479
160 8493.632479
161 8493.632479
162 8493.632479
163 8493.632479
164 8493.632479
165 8493.632479
166 8493.632479
167 8493.632479
168 8493.632479
169 8493.632479
170 8493.632479
171 8493.632479
172 8493.632479
173 8493.632479
174 8493.632479
175 8493.632479
176 8493.632479
177 8493.632479
178 8493.632479
179 8493.632479
180 8493.632479
181 8493.632479
182 8493.632479
183 8493.632479
184 8493.632479
185 8493.632479
186 8493.632479
187 8493.632479
188 8493.632479
189 8493.632479
190 8493.632479
191 8493.632479
192 8493.632479
193 8493.632479
194 8493.632479
195 8493.632479
196 8493.632479
197 8493.632479
198 8493.632479
199 8493.632479
200 8493.632479
201 8493.632479
202 8493.632479
203 8493.632479
204 8493.632479
205 8493.632479
206 8493.632479
207 8493.632479
208 8493.632479
209 8493.632479
210 8493.632479
211 8493.632479
212 8493.632479
213 8493.632479
214 8493.632479
215 8493.632479
216 8493.632479
217 8493.632479
218 8493.632479
219 8493.632479
220 8493.632479
221 8493.632479
222 8493.632479
223 8493.632479
224 8493.632479
225 8493.632479
226 8493.632479
227 8493.632479
228 8493.632479
229 8493.632479
230 8493.632479
231 8493.632479
232 8493.632479
233 8493.632479
234 8493.632479
235 8493.632479
236 8493.632479
237 8493.632479
238 8493.632479
239 8493.632479
240 8493.632479
241 8493.632479
242 8493.632479
243 8493.632479
244 8493.632479
245 8493.632479
246 8493.632479
247 8493.632479
248 8493.632479
249 8493.632479
250 8493.632479
251 8493.632479
252 8493.632479
253 8493.632479
254 8493.632479
255 8493.632479
256 8493.632479
257 8493.632479
258 8493.632479
259 8493.632479
260 8493.632479
261 8493.632479
262 8493.632479
263 8493.632479
264 8493.632479
265 8493.632479
266 8493.632479
267 8493.632479
268 8493.632479
269 8493.632479
270 8493.632479
271 8493.632479
272 8493.632479
273 8493.632479
274 8493.632479
275 8493.632479
276 8493.632479
277 8493.632479
278 8493.632479
279 8493.632479
280 8493.632479
281 8493.632479
282 8493.632479
283 8493.632479
284 8493.632479
285 8493.632479
286 8493.632479
287 8493.632479
288 8493.632479
289 8493.632479
290 8493.632479
291 8493.632479
292 8493.632479
293 8493.632479
294 8493.632479
295 8493.632479
296 8493.632479
297 8493.632479
298 8493.632479
299 8493.632479
300 8493.632479
301 8493.632479
302 8493.632479
303 8493.632479
304 8493.632479
305 8493.632479
306 8493.632479
307 8493.632479
308 8493.632479
309 8493.632479
310 8493.632479
311 8493.632479
312 8493.632479
313 8493.632479
314 8493.632479
315 8493.632479
316 8493.632479
317 8493.632479
318 8493.632479
319 8493.632479
320 8493.632479
321 8493.632479
322 8493.632479
323 8493.632479
324 8493.632479
325 8493.632479
326 8493.632479
327 8493.632479
328 8493.632479
329 8493.632479
330 8493.632479
331 8493.632479
332 8493.632479
333 8493.632479
334 8493.632479
335 8493.632479
336 8493.632479
337 8493.632479
338 8493.632479
339 8493.632479
340 8493.632479
341 8493.632479
342 8493.632479
343 8493.632479
344 8493.632479
345 8493.632479
346 8493.632479
347 8493.632479
348 8493.632479
349 8493.632479
350 8493.632479
351 8493.632479
352 8493.632479
353 8493.632479
354 8493.632479
355 8493.632479
356 8493.632479
357 8493.632479
358 8493.632479
359 8493.632479
360 8493.632479
361 8493.632479
362 8493.632479
363 8493.632479
364 8493.632479
365 8493.632479
366 8493.632479
367 8493.632479
368 8493.632479
369 8493.632479
370 8493.632479
371 8493.632479
372 8493.632479
373 8493.632479
374 8493.632479
375 8493.632479
376 8493.632479
377 8493.632479
378 8493.632479
379 8493.632479
380 8493.632479
381 8493.632479
382 8493.632479
383 8493.632479
384 8493.632479
385 8493.632479
386 8493.632479
387 8493.632479
388 8493.632479
389 8493.632479
390 8493.632479
391 8493.632479
392 8493.632479
393 8493.632479
394 8493.632479
395 8493.632479
396 8493.632479
397 8493.632479
398 8493.632479
399 8493.632479
400 8493.632479
401 8493.632479
402 8493.632479
403 8493.632479
404 8493.632479
405 8493.632479
406 8493.632479
407 8493.632479
408 8493.632479
409 8493.632479
410 8493.632479
411 8493.632479
412 8493.632479
413 8493.632479
414 8493.632479
415 8493.632479
416 8493.632479
417 8493.632479
418 8493.632479
419 8493.632479
420 8493.632479
421 8493.632479
422 8493.632479
423 8493.632479
424 8493.632479
425 8493.632479
426 8493.632479
427 8493.632479
428 8493.632479
429 8493.632479
430 8493.632479
431 8493.632479
432 8493.632479
433 8493.632479
434 8493.632479
435 8493.632479
436 8493.632479
437 8493.632479
438 8493.632479
439 8493.632479
440 8493.632479
441 8493.632479
442 8493.632479
443 8493.632479
444 8493.632479
445 8493.632479
446 8493.632479
447 8493.632479
448 8493.632479
449 8493.632479
450 8493.632479
451 8493.632479
452 8493.632479
453 8493.632479
454 8493.632479
455 8493.632479
456 8493.632479
457 8493.632479
458 8493.632479
459 8493.632479
460 8493.632479
461 8493.632479
462 8493.632479
463 8493.632479
464 8493.632479
465 8493.632479
466 8493.632479
467 8493.632479
468 8493.632479
469 8493.632479
470 8493.632479
471 8493.632479
472 8493.632479
473 8493.632479
474 8493.632479
475 8493.632479
476 8493.632479
477 8493.632479
478 8493.632479
479 8493.632479
480 8493.632479
481 8493.632479
482 8493.632479
483 8493.632479
484 8493.632479
485 8493.632479
486 8493.632479
487 8493.632479
488 8493.632479
489 8493.632479
490 8493.632479
491 8493.632479
492 8493.632479
493 8493.632479
494 8493.632479
495 8493.632479
496 8493.632479
497 8493.632479
498 8493.632479
499 8493.632479
500 8493.632479
501 8493.632479
502 8493.632479
503 8493.632479
504 8493.632479
505 8493.632479
506 8493.632479
507 8493.632479
508 8493.632479
509 8493.632479
510 8493.632479
511 8493.632479
512 8493.632479
513 8493.632479
514 8493.632479
515 8493.632479
516 8493.632479
517 8493.632479
518 8493.632479
519 8493.632479
520 8493.632479
521 8493.632479
522 8493.632479
523 8493.632479
524 8493.632479
525 8493.632479
526 8493.632479
527 8493.632479
528 8493.632479
529 8493.632479
530 8493.632479
531 8493.632479
532 8493.632479
533 8493.632479
534 8493.632479
535 8493.632479
536 8493.632479
537 8493.632479
538 8493.632479
539 8493.632479
540 8493.632479
541 8493.632479
542 8493.632479
543 8493.632479
544 8493.632479
545 8493.632479
546 8493.632479
547 8493.632479
548 8493.632479
549 8493.632479
550 8493.632479
551 8493.632479
552 8493.632479
553 8493.632479
554 8493.632479
555 8493.632479
556 8493.632479
557 8493.632479
558 8493.632479
559 8493.632479
560 8493.632479
561 8493.632479
562 8493.632479
563 8493.632479
564 8493.632479
565 8493.632479
566 7566.088834
567 7566.088834
568 7566.088834
569 7566.088834
570 7566.088834
571 7566.088834
572 7566.088834
573 7566.088834
574 7566.088834
575 7566.088834
576 7566.088834
577 7566.088834
578 7566.088834
579 7566.088834
580 7566.088834
581 7566.088834
582 7566.088834
583 7566.088834
584 7566.088834
585 7566.088834
586 7566.088834
587 7566.088834
588 7566.088834
589 7566.088834
590 7566.088834
591 7566.088834
592 7566.088834
593 7566.088834
594 7566.088834
595 7566.088834
596 7566.088834
597 7566.088834
598 7566.088834
599 7566.088834
600 7566.088834
601 7566.088834
602 7566.088834
603 7566.088834
604 7566.088834
605 7566.088834
606 7566.088834
607 7566.088834
608 7566.088834
609 7566.088834
610 7566.088834
611 7566.088834
612 7566.088834
613 7566.088834
614 7566.088834
615 7566.088834
616 7566.088834
617 7566.088834
618 7566.088834
619 7566.088834
620 7566.088834
621 7566.088834
622 7566.088834
623 7566.088834
624 7566.088834
625 7566.088834
626 7566.088834
627 7566.088834
628 7566.088834
629 7566.088834
630 7566.088834
631 7566.088834
632 7566.088834
633 7566.088834
634 7566.088834
635 7566.088834
636 7566.088834
637 7566.088834
638 7566.088834
639 7566.088834
640 7566.088834
641 7566.088834
642 7566.088834
643 7566.088834
644 7566.088834
645 7566.088834
646 7566.088834
647 7566.088834
648 7566.088834
649 7566.088834
650 7566.088834
651 7566.088834
652 7566.088834
653 7566.088834
654 7566.088834
655 7566.088834
656 7566.088834
657 7566.088834
658 7566.088834
659 7566.088834
660 7566.088834
661 7566.088834
662 7566.088834
663 7566.088834
664 7566.088834
665 7566.088834
666 7566.088834
667 7566.088834
668 7566.088834
669 7566.088834
670 7566.088834
671 7566.088834
672 7566.088834
673 7566.088834
674 7566.088834
675 7566.088834
676 7566.088834
677 7566.088834
678 7566.088834
679 7566.088834
680 7566.088834
681 7566.088834
682 7566.088834
683 7566.088834
684 7566.088834
685 7566.088834
686 7566.088834
687 7566.088834
688 7566.088834
689 7566.088834
690 7566.088834
691 7566.088834
692 7566.088834
693 7566.088834
694 7566.088834
695 7566.088834
696 7566.088834
697 7566.088834
698 7566.088834
699 7566.088834
700 7566.088834
701 7566.088834
702 7566.088834
703 7566.088834
704 7566.088834
705 7566.088834
706 7566.088834
707 7566.088834
708 7566.088834
709 7566.088834
710 7566.088834
711 7566.088834
712 7566.088834
713 7566.088834
714 7566.088834
715 7566.088834
716 7566.088834
717 7566.088834
718 7566.088834
719 7566.088834
720 7566.088834
721 7566.088834
722 7566.088834
723 7566.088834
724 7566.088834
725 7566.088834
726 7566.088834
727 7566.088834
728 7566.088834
729 7566.088834
730 7566.088834
731 7566.088834
732 7566.088834
733 7566.088834
734 7566.088834
735 7566.088834
736 7566.088834
737 7566.088834
738 7566.088834
739 7566.088834
740 7566.088834
741 7566.088834
742 7566.088834
743 7566.088834
744 7566.088834
745 7566.088834
746 7566.088834
747 7566.088834
748 7566.088834
749 7566.088834
750 7566.088834
751 7566.088834
752 7566.088834
753 7566.088834
754 7566.088834
755 7566.088834
756 7566.088834
757 7566.088834
758 7566.088834
759 7566.088834
760 7566.088834
761 7566.088834
762 7566.088834
763 7566.088834
764 7566.088834
765 7566.088834
766 7566.088834
767 7566.088834
768 7566.088834
769 7566.088834
770 7566.088834
771 7566.088834
772 7566.088834
773 7566.088834
774 7566.088834
775 7566.088834
776 7566.088834
777 7566.088834
778 7566.088834
779 7566.088834
780 7566.088834
781 7566.088834
782 7566.088834
783 7566.088834
784 7566.088834
785 7566.088834
786 7566.088834
787 7566.088834
788 7566.088834
789 7566.088834
790 7566.088834
791 7566.088834
792 7566.088834
793 7566.088834
794 7566.088834
795 7566.088834
796 7566.088834
797 7566.088834
798 7566.088834
799 7566.088834
800 7566.088834
801 7566.088834
802 7566.088834
803 7566.088834
804 7566.088834
805 7566.088834
806 7566.088834
807 7566.088834
808 7566.088834
809 7566.088834
810 7566.088834
811 7566.088834
812 7566.088834
813 7566.088834
814 7566.088834
815 7566.088834
816 7566.088834
817 7566.088834
818 7566.088834
819 7566.088834
820 7566.088834
821 7566.088834
822 7566.088834
823 7566.088834
824 7566.088834
825 7566.088834
826 7566.088834
827 7566.088834
828 7566.088834
829 7566.088834
830 7566.088834
831 7566.088834
832 7566.088834
833 7566.088834
834 7566.088834
835 7566.088834
836 7566.088834
837 7566.088834
838 7566.088834
839 7566.088834
840 7566.088834
841 7566.088834
842 7566.088834
843 7566.088834
844 7566.088834
845 7566.088834
846 7566.088834
847 7566.088834
848 7566.088834
849 7566.088834
850 7566.088834
851 7566.088834
852 7566.088834
853 7566.088834
854 7566.088834
855 7566.088834
856 7566.088834
857 7566.088834
858 7566.088834
859 7566.088834
860 7566.088834
861 7566.088834
862 7566.088834
863 7566.088834
864 7566.088834
865 7566.088834
866 7566.088834
867 7566.088834
868 7566.088834
869 7566.088834
870 7566.088834
871 7566.088834
872 7566.088834
873 7566.088834
874 7566.088834
875 7566.088834
876 7566.088834
877 7566.088834
878 7566.088834
879 7566.088834
880 7566.088834
881 7566.088834
882 7566.088834
883 7566.088834
884 7566.088834
885 7566.088834
886 7566.088834
887 7566.088834
888 7566.088834
889 7566.088834
890 7566.088834
891 7566.088834
892 7566.088834
893 7566.088834
894 7566.088834
895 7566.088834
896 7566.088834
897 7566.088834
898 7566.088834
899 7566.088834
900 7566.088834
901 7566.088834
902 7566.088834
903 7566.088834
904 7566.088834
905 7566.088834
906 7566.088834
907 7566.088834
908 7566.088834
909 7566.088834
910 7566.088834
911 7566.088834
912 7566.088834
913 7566.088834
914 7566.088834
915 7566.088834
916 7566.088834
917 7566.088834
918 7566.088834
919 7566.088834
920 7566.088834
921 7566.088834
922 7566.088834
923 7566.088834
924 7566.088834
925 7566.088834
926 7566.088834
927 7566.088834
928 7566.088834
929 7566.088834
930 7566.088834
931 7566.088834
932 7566.088834
933 7566.088834
934 7566.088834
935 7566.088834
936 7566.088834
937 7566.088834
938 7566.088834
939 7566.088834
940 7566.088834
941 7566.088834
942 7566.088834
943 7566.088834
944 7566.088834
945 7566.088834
946 7566.088834
947 7566.088834
948 7566.088834
949 7566.088834
950 7566.088834
951 7566.088834
952 7566.088834
953 7566.088834
954 7566.088834
955 7566.088834
956 7566.088834
957 7566.088834
958 7566.088834
959 7566.088834
960 7566.088834
961 7566.088834
962 7566.088834
963 7566.088834
964 7566.088834
965 7566.088834
966 7566.088834
967 7566.088834
968 7566.088834
969 7566.088834
970 7566.088834
971 7566.088834
972 7566.088834
973 7566.088834
974 7566.088834
975 7566.088834
976 7566.088834
977 7566.088834
978 7566.088834
979 7566.088834
980 7566.088834
981 7566.088834
982 7566.088834
983 7566.088834
984 7566.088834
985 7566.088834
986 7566.088834
987 7566.088834
988 7566.088834
989 7566.088834
990 7566.088834
991 7566.088834
992 7566.088834
993 7566.088834
994 7566.088834
995 7566.088834
996 7566.088834
997 7566.088834
998 7566.088834
999 7566.088834
1000 7566.088834
