1 34181.423126
2 34176.615993
3 34176.615993
4 34176.615993
5 34175.894715
6 34175.894715
7 34174.221345
8 34171.752340
9 34168.872134
10 34168.872134
11 34168.872134
12 34162.371718
13 34158.705475
14 34154.917165
15 34152.384075
16 34152.384075
17 34152.384075
18 34152.384075
19 34152.384075
20 34152.384075
21 34151.317227
22 34151.317227
23 34151.317227
24 34151.317227
25 34151.317227
26 34151.317227
27 34151.317227
28 34151.182737
29 34151.182737
30 34151.182737
31 34151.182737
32 34151.182737
33 34151.182737
34 34151.182737
35 34151.182737
36 34151.182737
37 34151.182737
38 34149.830209
39 34148.942086
40 34148.942086
41 34148.942086
42 34143.452379
43 34143.452379
44 34143.452379
45 34143.452379
46 34143.452379
47 34143.452379
48 34143.452379
49 34141.463614
50 34136.936875
51 34134.848662
52 34134.848662
53 34134.848662
54 34134.848662
55 34134.848662
56 34134.848662
57 34134.848662
58 34134.848662
59 34134.848662
60 34133.881815
61 34133.881815
62 34133.881815
63 34133.881815
64 34133.881815
65 34133.881815
66 34132.996041
67 34132.996041
68 34131.379885
69 34129.208743
70 34129.208743
71 34129.208743
72 34129.208743
73 34129.208743
74 34129.208743
75 34129.208743
76 34129.208743
77 34129.208743
78 34129.208743
79 34129.208743
80 34129.208743
81 34129.208743
82 34129.208743
83 34129.208743
84 34129.208743
85 34129.208743
86 34129.208743
87 34129.208743
88 34129.208743
89 34129.208743
90 34129.208743
91 34129.208743
92 34129.208743
93 34129.208743
94 34129.208743
95 34129.208743
96 34129.208743
97 34129.208743
98 34129.208743
99 34129.208743
100 34129.208743
101 34129.208743
102 34129.208743
103 34129.208743
104 34129.208743
105 34129.208743
106 34129.208743
107 34129.208743
108 34129.208743
109 34129.208743
110 34129.208743
111 34129.208743
112 34129.208743
113 34129.208743
114 34129.208743
115 34129.208743
116 34129.208743
117 34129.208743
118 34129.208743
119 34129.208743
120 34129.208743
121 34129.208743
122 34128.884423
123 34128.884423
124 34128.884423
125 34128.884423
126 34128.884423
127 34125.452921
128 34122.728562
129 34119.281321
130 34119.281321
131 34119.281321
132 34119.281321
133 34119.281321
134 34119.281321
135 34119.281321
136 34119.281321
137 34119.281321
138 34119.281321
139 34119.226137
140 34111.506847
141 34111.506847
142 34111.506847
143 34111.506847
144 34111.506847
145 34111.506847
146 34111.506847
147 34111.506847
148 34111.506847
149 34111.506847
150 34111.506847
151 34111.506847
152 34109.609586
153 34104.293207
154 34104.293207
155 34104.293207
156 34104.293207
157 34104.293207
158 34104.293207
159 34104.293207
160 34104.293207
161 34104.293207
162 34104.293207
163 34104.293207
164 34104.293207
165 34104.293207
166 34104.293207
167 34104.293207
168 34104.293207
169 34104.293207
170 34104.293207
171 34104.293207
172 34104.293207
173 34104.293207
174 34104.293207
175 34104.293207
176 34104.293207
177 34104.293207
178 34104.293207
179 34104.293207
180 34104.293207
181 34104.293207
182 34104.293207
183 34104.293207
184 34104.293207
185 34104.293207
186 34104.293207
187 34104.293207
188 34104.293207
189 34104.293207
190 34104.293207
191 34104.293207
192 34104.293207
193 34104.293207
194 34104.293207
195 34104.293207
196 34104.293207
197 34104.293207
198 34104.293207
199 34104.293207
200 34104.293207
201 34104.293207
202 34104.293207
203 34104.293207
204 34104.293207
205 34104.293207
206 34104.293207
207 34104.293207
208 34104.293207
209 34102.768250
210 34102.768250
211 34102.768250
212 34102.768250
213 34102.768250
214 34102.768250
215 34102.768250
216 34102.768250
217 34102.768250
218 34102.768250
219 34102.768250
220 34102.768250
221 34102.768250
222 34102.768250
223 34102.768250
224 34102.768250
225 34102.768250
226 34102.768250
227 34102.768250
228 34102.768250
229 34102.768250
230 34102.768250
231 34102.768250
232 34102.768250
233 34102.768250
234 34102.768250
235 34102.768250
236 34102.768250
237 34102.768250
238 34102.768250
239 34102.768250
240 34102.768250
241 34102.768250
242 34102.768250
243 34102.768250
244 34102.768250
245 34102.768250
246 34102.768250
247 34102.768250
248 34102.768250
249 34102.768250
250 34102.768250
251 34102.768250
252 34102.768250
253 34102.768250
254 34102.768250
255 34102.768250
256 34102.768250
257 34102.768250
258 34102.768250
259 34102.768250
260 34100.142446
261 34100.142446
262 34100.142446
263 34100.142446
264 34100.142446
265 34098.101901
266 34087.947764
267 34087.947764
268 34087.947764
269 34087.947764
270 34087.947764
271 34087.947764
272 34087.947764
273 34087.947764
274 34087.947764
275 34087.947764
276 34087.947764
277 34087.947764
278 34087.947764
279 34087.947764
280 34087.947764
281 34087.947764
282 34087.947764
283 34087.947764
284 34081.684993
285 34081.684993
286 34081.684993
287 34081.684993
288 34081.684993
289 34081.684993
290 34081.684993
291 34081.684993
292 34081.684993
293 34081.684993
294 34081.684993
295 34081.684993
296 34081.684993
297 34081.684993
298 34081.684993
299 34081.684993
300 34081.684993
301 34081.684993
302 34081.684993
303 34081.684993
304 34081.684993
305 34081.684993
306 34081.684993
307 34079.446314
308 34079.446314
309 34079.446314
310 34079.446314
311 34079.446314
312 34079.446314
313 34079.446314
314 34079.446314
315 34079.446314
316 34079.446314
317 34077.748614
318 34075.056449
319 34075.056449
320 34075.056449
321 34074.217492
322 34073.730648
323 34071.565766
324 34071.565766
325 34067.463828
326 34064.765783
327 34057.872615
328 34056.969852
329 34051.046147
330 34045.901157
331 34042.443102
332 34040.379393
333 34040.379393
334 34040.379393
335 34040.379393
336 34040.379393
337 34040.379393
338 34040.379393
339 34040.379393
340 34040.379393
341 34040.379393
342 34040.379393
343 34040.379393
344 34040.379393
345 34040.379393
346 34040.379393
347 34040.379393
348 34040.379393
349 34040.379393
350 34040.379393
351 34040.379393
352 34040.379393
353 34040.379393
354 34040.379393
355 34040.379393
356 34040.379393
357 34040.379393
358 34040.379393
359 34038.139112
360 34037.934496
361 34037.934496
362 34036.027501
363 34036.027501
364 34036.027501
365 34036.027501
366 34036.027501
367 34036.027501
368 34036.027501
369 34036.027501
370 34036.027501
371 34036.027501
372 34036.027501
373 34036.027501
374 34036.027501
375 34036.027501
376 34036.027501
377 34036.027501
378 34036.027501
379 34036.027501
380 34036.027501
381 34036.027501
382 34036.027501
383 34036.027501
384 34036.027501
385 34036.027501
386 34036.027501
387 34036.027501
388 34036.027501
389 34036.027501
390 34036.027501
391 34036.027501
392 34036.027501
393 34036.027501
394 34036.027501
395 34036.027501
396 34036.027501
397 34036.027501
398 34036.027501
399 34036.027501
400 34036.027501
401 34036.027501
402 34036.027501
403 34036.027501
404 34036.027501
405 34036.027501
406 34036.027501
407 34036.027501
408 34036.027501
409 34036.027501
410 34036.027501
411 34036.027501
412 34036.027501
413 34036.027501
414 34036.027501
415 34036.027501
416 34036.027501
417 34036.027501
418 34036.027501
419 34036.027501
420 34036.027501
421 34036.027501
422 34036.027501
423 34036.027501
424 34036.027501
425 34036.027501
426 34036.027501
427 34036.027501
428 34036.027501
429 34036.027501
430 34036.027501
431 34036.027501
432 34036.027501
433 34036.027501
434 34036.027501
435 34036.027501
436 34036.027501
437 34036.027501
438 34036.027501
439 34036.027501
440 34036.027501
441 34036.027501
442 34036.027501
443 34036.027501
444 34036.027501
445 34036.027501
446 34036.027501
447 34036.027501
448 34036.027501
449 34036.027501
450 34036.027501
451 34036.027501
452 34036.027501
453 34036.027501
454 34036.027501
455 34036.027501
456 34036.027501
457 34036.027501
458 34036.027501
459 34036.027501
460 34036.027501
461 34036.027501
462 34036.027501
463 34036.027501
464 34036.027501
465 34036.027501
466 34036.027501
467 34036.027501
468 34036.027501
469 34036.027501
470 34036.027501
471 34036.027501
472 34036.027501
473 34036.027501
474 34036.027501
475 34036.027501
476 34036.027501
477 34036.027501
478 34036.027501
479 34036.027501
480 34036.027501
481 34036.027501
482 34036.027501
483 34036.027501
484 34036.027501
485 34036.027501
486 34036.027501
487 34036.027501
488 34036.027501
489 34036.027501
490 34036.027501
491 34036.027501
492 34036.027501
493 34036.027501
494 34036.027501
495 34036.027501
496 34036.027501
497 34036.027501
498 34036.027501
499 34036.027501
500 34036.027501
501 34036.027501
502 34036.027501
503 34036.027501
504 34036.027501
505 34036.027501
506 34036.027501
507 34036.027501
508 34036.027501
509 34036.027501
510 34036.027501
511 34036.027501
512 34036.027501
513 34036.027501
514 34036.027501
515 34036.027501
516 34036.027501
517 34036.027501
518 34036.027501
519 34036.027501
520 34036.027501
521 34036.027501
522 34036.027501
523 34036.027501
524 34036.027501
525 34036.027501
526 34036.027501
527 34036.027501
528 34036.027501
529 34036.027501
530 34036.027501
531 34036.027501
532 34036.027501
533 34036.027501
534 34036.027501
535 34036.027501
536 34036.027501
537 34036.027501
538 34036.027501
539 34036.027501
540 34036.027501
541 34036.027501
542 34036.027501
543 34036.027501
544 34036.027501
545 34036.027501
546 34036.027501
547 34036.027501
548 34036.027501
549 34036.027501
550 34036.027501
551 34036.027501
552 34036.027501
553 34036.027501
554 34036.027501
555 34036.027501
556 34036.027501
557 34036.027501
558 34036.027501
559 34036.027501
560 34036.027501
561 34036.027501
562 34036.027501
563 34036.027501
564 34036.027501
565 34036.027501
566 34036.027501
567 34036.027501
568 34036.027501
569 34036.027501
570 34036.027501
571 34036.027501
572 34036.027501
573 34036.027501
574 34036.027501
575 34036.027501
576 34036.027501
577 34036.027501
578 34036.027501
579 34036.027501
580 34036.027501
581 34036.027501
582 34036.027501
583 34036.027501
584 34036.027501
585 34036.027501
586 34036.027501
587 34036.027501
588 34036.027501
589 34036.027501
590 34036.027501
591 34036.027501
592 34036.027501
593 34036.027501
594 34036.027501
595 34036.027501
596 34036.027501
597 34036.027501
598 34036.027501
599 34036.027501
600 34036.027501
601 34036.027501
602 34036.027501
603 34036.027501
604 34036.027501
605 34036.027501
606 34036.027501
607 34036.027501
608 34036.027501
609 34036.027501
610 34036.027501
611 34036.027501
612 34036.027501
613 34036.027501
614 34036.027501
615 34036.027501
616 34036.027501
617 34036.027501
618 34036.027501
619 34036.027501
620 34036.027501
621 34036.027501
622 34036.027501
623 34036.027501
624 34036.027501
625 34036.027501
626 34036.027501
627 34036.027501
628 34036.027501
629 34036.027501
630 34036.027501
631 34036.027501
632 34036.027501
633 34036.027501
634 34036.027501
635 34036.027501
636 34036.027501
637 34036.027501
638 34036.027501
639 34036.027501
640 34036.027501
641 34036.027501
642 34036.027501
643 34036.027501
644 34036.027501
645 34036.027501
646 34036.027501
647 34036.027501
648 34036.027501
649 34036.027501
650 34036.027501
651 34036.027501
652 34036.027501
653 34036.027501
654 34036.027501
655 34036.027501
656 34036.027501
657 34036.027501
658 34036.027501
659 34036.027501
660 34036.027501
661 34036.027501
662 34036.027501
663 34036.027501
664 34036.027501
665 34036.027501
666 34036.027501
667 34036.027501
668 34036.027501
669 34036.027501
670 34036.027501
671 34036.027501
672 34036.027501
673 34036.027501
674 34036.027501
675 34036.027501
676 34036.027501
677 34036.027501
678 34036.027501
679 34036.027501
680 34036.027501
681 34036.027501
682 34036.027501
683 34036.027501
684 34036.027501
685 34036.027501
686 34036.027501
687 34036.027501
688 34036.027501
689 34036.027501
690 34036.027501
691 34036.027501
692 34036.027501
693 34036.027501
694 34036.027501
695 34036.027501
696 34036.027501
697 34036.027501
698 34036.027501
699 34036.027501
700 34036.027501
701 34036.027501
702 34036.027501
703 34036.027501
704 34036.027501
705 34036.027501
706 34036.027501
707 34036.027501
708 34036.027501
709 34036.027501
710 34036.027501
711 34036.027501
712 34036.027501
713 34036.027501
714 34036.027501
715 34036.027501
716 34036.027501
717 34036.027501
718 34036.027501
719 34036.027501
720 34036.027501
721 34036.027501
722 34036.027501
723 34036.027501
724 34036.027501
725 34036.027501
726 34036.027501
727 34036.027501
728 34036.027501
729 34036.027501
730 34036.027501
731 34036.027501
732 34036.027501
733 34036.027501
734 34036.027501
735 34036.027501
736 34036.027501
737 34036.027501
738 34036.027501
739 34036.027501
740 34036.027501
741 34036.027501
742 34036.027501
743 34036.027501
744 34036.027501
745 34036.027501
746 34036.027501
747 34036.027501
748 34036.027501
749 34036.027501
750 34036.027501
751 34036.027501
752 34036.027501
753 34036.027501
754 34036.027501
755 34036.027501
756 34036.027501
757 34036.027501
758 34036.027501
759 34036.027501
760 34036.027501
761 34034.370066
762 34032.642064
763 34032.642064
764 34032.642064
765 34032.642064
766 34032.642064
767 34032.642064
768 34032.642064
769 34032.642064
770 34032.642064
771 34032.642064
772 34032.642064
773 34032.642064
774 34032.642064
775 34032.548129
776 34026.749519
777 34026.749519
778 34026.749519
779 34026.749519
780 34026.749519
781 34026.749519
782 34026.749519
783 34026.749519
784 34026.749519
785 34026.749519
786 34026.749519
787 34026.749519
788 34026.749519
789 34026.749519
790 34026.749519
791 34026.749519
792 34026.749519
793 34026.749519
794 34026.749519
795 34026.749519
796 34026.749519
797 34026.749519
798 34026.749519
799 34026.749519
800 34026.749519
801 34026.749519
802 34026.749519
803 34026.749519
804 34026.749519
805 34026.749519
806 34026.749519
807 34026.749519
808 34026.749519
809 34026.749519
810 34026.749519
811 34026.749519
812 34026.749519
813 34026.749519
814 34017.339302
815 34012.639047
816 34012.639047
817 34003.206449
818 34003.206449
819 34000.708498
820 34000.708498
821 33995.325201
822 33995.325201
823 33989.812121
824 33985.685420
825 33978.258733
826 33978.258733
827 33972.092951
828 33972.092951
829 33969.763982
830 33961.773772
831 33961.773772
832 33961.773772
833 33961.773772
834 33961.773772
835 33961.773772
836 33961.773772
837 33961.773772
838 33961.773772
839 33961.773772
840 33961.773772
841 33961.773772
842 33959.986405
843 33959.986405
844 33959.986405
845 33959.986405
846 33959.986405
847 33959.986405
848 33959.986405
849 33959.986405
850 33959.986405
851 33959.986405
852 33959.986405
853 33959.986405
854 33959.986405
855 33959.986405
856 33959.986405
857 33959.986405
858 33959.986405
859 33959.986405
860 33959.986405
861 33959.986405
862 33959.986405
863 33959.986405
864 33959.479429
865 33959.479429
866 33957.004847
867 33957.004847
868 33957.004847
869 33957.004847
870 33957.004847
871 33953.055535
872 33949.742843
873 33949.742843
874 33945.348031
875 33945.348031
876 33945.348031
877 33945.348031
878 33945.348031
879 33945.348031
880 33945.348031
881 33945.348031
882 33945.348031
883 33945.348031
884 33945.348031
885 33945.348031
886 33945.348031
887 33945.348031
888 33940.521662
889 33940.521662
890 33940.521662
891 33940.521662
892 33940.521662
893 33940.521662
894 33940.521662
895 33940.521662
896 33940.521662
897 33940.521662
898 33940.521662
899 33940.521662
900 33940.521662
901 33940.521662
902 33940.521662
903 33940.521662
904 33940.521662
905 33940.521662
906 33940.521662
907 33940.521662
908 33932.079540
909 33928.370304
910 33923.217973
911 33917.194907
912 33917.194907
913 33917.194907
914 33917.194907
915 33917.194907
916 33917.194907
917 33917.194907
918 33917.194907
919 33917.194907
920 33917.194907
921 33917.194907
922 33917.194907
923 33917.194907
924 33917.194907
925 33917.194907
926 33917.194907
927 33917.194907
928 33917.194907
929 33917.194907
930 33917.194907
931 33917.194907
932 33917.194907
933 33917.194907
934 33917.194907
935 33917.194907
936 33917.194907
937 33917.194907
938 33917.194907
939 33917.194907
940 33917.194907
941 33917.194907
942 33917.194907
943 33917.194907
944 33917.194907
945 33917.194907
946 33917.194907
947 33917.194907
948 33917.194907
949 33915.171699
950 33915.171699
951 33915.171699
952 33915.171699
953 33915.171699
954 33910.099868
955 33910.099868
956 33910.099868
957 33910.099868
958 33910.099868
959 33907.865171
960 33903.511814
961 33903.511814
962 33900.279463
963 33900.279463
964 33900.279463
965 33900.279463
966 33900.279463
967 33900.279463
968 33900.279463
969 33900.279463
970 33900.279463
971 33900.279463
972 33900.279463
973 33900.279463
974 33900.279463
975 33900.279463
976 33900.279463
977 33900.279463
978 33900.279463
979 33900.279463
980 33900.279463
981 33900.279463
982 33900.279463
983 33900.279463
984 33900.279463
985 33900.279463
986 33900.279463
987 33898.443508
988 33898.443508
989 33898.443508
990 33898.443508
991 33898.443508
992 33898.443508
993 33898.443508
994 33898.443508
995 33898.443508
996 33898.443508
997 33898.443508
998 33898.443508
999 33898.443508
1000 33898.443508
